-184,	10,	-184.279999,	0.280000,	0.957140,	1.466857
-176,	10,	-176.496002,	0.496000,	0.930720,	1.814579
-168,	10,	-168.731995,	0.732000,	0.896480,	2.143252
-160,	10,	-160.787994,	0.788000,	0.862880,	2.216840
-152,	10,	-152.863998,	0.864000,	0.822700,	2.314756
-144,	10,	-144.940002,	0.940000,	0.784700,	2.410741
-136,	10,	-136.927994,	0.928000,	0.721660,	2.395702
-128,	10,	-128.884003,	0.884000,	0.641480,	2.340190
-120,	10,	-121.028000,	1.028000,	0.526860,	2.519832
-112,	10,	-112.947998,	0.948000,	0.491380,	2.420744
-104,	10,	-105.052002,	1.052000,	0.374040,	2.549247
-96,	10,	-96.975998,	0.976000,	0.297100,	2.455616
-88,	10,	-89.216003,	1.216000,	0.302180,	2.746943
-80,	10,	-81.248001,	1.248000,	0.256600,	2.784924
-72,	10,	-73.603996,	1.604000,	0.199160,	3.197493
-64,	10,	-65.711998,	1.712000,	0.182540,	3.319758
-56,	10,	-57.832001,	1.832000,	0.169640,	3.454376
-48,	10,	-50.164001,	2.164000,	0.150840,	3.821288
-40,	10,	-42.764000,	2.764000,	0.133200,	4.469595
-32,	10,	-35.560001,	3.560000,	0.119160,	5.311305
-24,	10,	-28.191999,	4.192000,	0.103460,	5.970326
-768,	20,	-768.276001,	0.276000,	0.978290,	1.459656
-736,	20,	-736.455994,	0.456000,	0.952455,	1.754760
-704,	20,	-704.635986,	0.636000,	0.921405,	2.013684
-672,	20,	-672.552002,	0.552000,	0.887300,	1.895938
-640,	20,	-640.739990,	0.740000,	0.846380,	2.153847
-608,	20,	-608.744019,	0.744000,	0.796835,	2.159134
-576,	20,	-576.768005,	0.768000,	0.738475,	2.190710
-544,	20,	-544.760010,	0.760000,	0.611125,	2.180211
-512,	20,	-512.903992,	0.904000,	0.583895,	2.365496
-480,	20,	-480.816010,	0.816000,	0.330490,	2.253160
-448,	20,	-449.023987,	1.024000,	0.291560,	2.514917
-416,	20,	-417.123993,	1.124000,	0.221395,	2.636711
-384,	20,	-385.200012,	1.200000,	0.179115,	2.727886
-352,	20,	-353.179993,	1.180000,	0.138440,	2.703999
-320,	20,	-321.403992,	1.404000,	0.136820,	2.967768
-288,	20,	-289.579987,	1.580000,	0.105130,	3.170165
-256,	20,	-257.895996,	1.896000,	0.089320,	3.525696
-224,	20,	-226.335999,	2.336000,	0.079385,	4.008789
-192,	20,	-194.591995,	2.592000,	0.077055,	4.285284
-160,	20,	-163.235992,	3.236000,	0.065905,	4.970608
-128,	20,	-132.255997,	4.256000,	0.058530,	6.036729
-96,	20,	-101.996002,	5.996000,	0.053640,	7.826373
-64,	20,	-71.688004,	7.688000,	0.048470,	9.548773
-32,	20,	-44.835999,	12.836000,	0.046310,	14.745689
-3072,	40,	-3072.360107,	0.360000,	0.977188,	1.603770
-2944,	40,	-2944.479980,	0.480000,	0.951114,	1.790837
-2816,	40,	-2816.568115,	0.568000,	0.919559,	1.918733
-2688,	40,	-2688.748047,	0.748000,	0.881371,	2.164413
-2560,	40,	-2560.652100,	0.652000,	0.832975,	2.035615
-2432,	40,	-2432.763916,	0.764000,	0.776819,	2.185464
-2304,	40,	-2304.847900,	0.848000,	0.687030,	2.294313
-2176,	40,	-2176.988037,	0.988000,	0.570974,	2.470497
-2048,	40,	-2048.927979,	0.928000,	0.447753,	2.395702
-1920,	40,	-1920.880005,	0.880000,	0.392296,	2.335114
-1792,	40,	-1792.968018,	0.968000,	0.146055,	2.445675
-1664,	40,	-1664.972046,	0.972000,	0.141367,	2.450648
-1536,	40,	-1537.083984,	1.084000,	0.106400,	2.588259
-1408,	40,	-1409.423950,	1.424000,	0.082409,	2.990959
-1280,	40,	-1281.400024,	1.400000,	0.064842,	2.963124
-1152,	40,	-1153.800049,	1.800000,	0.054876,	3.418595
-1024,	40,	-1026.156006,	2.156000,	0.048868,	3.812528
-896,	40,	-898.375977,	2.376000,	0.039007,	4.052182
-768,	40,	-770.679993,	2.680000,	0.037400,	4.379716
-640,	40,	-643.656006,	3.656000,	0.033193,	5.411841
-512,	40,	-516.419983,	4.420000,	0.028521,	6.206649
-384,	40,	-390.519989,	6.520000,	0.026985,	8.361137
-256,	40,	-266.056000,	10.056000,	0.023524,	11.944581
-128,	40,	-145.860001,	17.860001,	0.020793,	19.792681
